0 17.0 155.0 40.0 53.0
5 333.0 9.0 119.0 104.0
5 124.0 105.0 294.0 143.0
5 453.0 9.0 103.0 104.0
3 515.0 330.0 82.0 52.0
3 575.0 322.0 94.0 60.0
3 1106.0 292.0 69.0 90.0
3 961.0 307.0 122.0 75.0
3 990.0 151.0 83.0 66.0
3 965.0 97.0 122.0 57.0
9 1327.0 25.0 23.0 29.0
1 1337.0 16.0 12.0 32.0
3 181.0 652.0 228.0 106.0
3 515.0 383.0 82.0 53.0
3 575.0 382.0 94.0 64.0
3 633.0 439.0 173.0 91.0
3 815.0 424.0 91.0 128.0
3 907.0 424.0 4.0 128.0
3 919.0 435.0 77.0 128.0
3 1008.0 436.0 80.0 144.0
3 1089.0 443.0 94.0 143.0
3 1106.0 382.0 69.0 20.0
3 961.0 382.0 122.0 25.0
